5.221199433003431700e-02
4.647950106998566255e-02
4.261795470037599287e-02
2.102648100694626265e-02
5.928467509773027722e-02
6.804614069797998432e-02
4.511710249388034555e-02
3.214044434643925641e-02
7.051227740779686393e-02
6.432705071881361647e-02
5.294902623207131676e-02
6.189349107206210121e-02
5.248390993202911581e-02
5.656127636410790416e-02
6.682035869501423697e-02
7.115192365407185804e-02
8.218054462805679528e-02
7.788828257268742838e-02
8.883035205926237410e-02
8.392062032019298456e-02
1.065202037590016193e-01
1.110822555272772405e-01
1.005844725987761201e-01
1.156108106055828699e-01
1.122326542573597319e-01
1.107625253539681331e-01
1.148173145678150764e-01
1.051369860342770135e-01
1.131380316717536250e-01
1.178645821284738382e-01
