7.394754760669597360e-02
6.854397469264128517e-02
6.652728634831284182e-02
8.413124228248758385e-02
6.651194822294836939e-02
6.291591627448989144e-02
6.046402355625613012e-02
7.791462818016148262e-02
5.037457015705193442e-02
4.760738794859342704e-02
5.384885841229758441e-02
4.251837207421171883e-02
4.536227588681907008e-02
6.860485338301014480e-02
4.388205123166377675e-02
3.271507942798246305e-02
3.591843977236175434e-02
4.242316505570054019e-02
3.068673293433699101e-02
5.856452823825586407e-02
3.381152407230647583e-02
1.494736153489517605e-02
6.084507998184784938e-02
3.162658388409056442e-02
1.901132571688224360e-02
5.219398511353823267e-02
4.478350352058635409e-02
6.054853596057307996e-02
4.686687997988014942e-02
5.165510292095376599e-02
