3.588702719959491194e-02
3.642294629075365497e-02
2.640617393401342716e-02
3.516853601843090982e-02
3.813637802099832663e-02
4.306484846101252262e-02
2.663917094069115366e-02
2.860735788630008880e-02
3.854069523702885469e-02
3.013333612721991184e-02
1.298238662922668318e-02
2.194207086899069292e-02
5.264578863358321259e-03
2.784064489386681163e-02
2.348304716375965162e-02
2.689489186460616854e-02
4.676126945632276544e-02
3.696706453682455096e-02
4.342855136730189303e-02
4.715335994013515608e-02
6.465729077350616805e-02
6.288257787707082769e-02
6.441946453565258746e-02
7.009574698528139858e-02
6.621278085111266531e-02
6.672698092367695955e-02
7.033649536703030780e-02
6.931031211584065543e-02
6.829410964573512377e-02
8.036274073837697263e-02
